AMELIORE :68.58378184392845
NORMAL :57.42175555555557
