AMELIORE :0.6870408923791812
NORMAL :0.5762370370370371
